254 254 254 254 254 254 254 254 254 254 254 254 254 254 254 254 254 254 254 254 254 254 252 252 253 253 252 251 253 248 239 234 219 207 224 225 238 238 238 242 245 250 252 250 252 252 253 253 254 254 254 254 254 254 254 254 254 254 254 254 254 254 254 254 254 254 254 254 254 254 
254 254 254 254 254 254 254 254 254 254 254 254 254 254 254 254 254 254 254 254 254 254 254 254 253 253 251 243 199 109  42  24  21   9  25  42  74 148 201 225 232 239 244 251 252 254 254 253 253 254 254 254 254 254 254 254 254 254 254 254 254 254 254 254 254 254 254 254 254 254 
254 254 254 254 254 254 254 254 254 254 254 254 254 254 254 254 254 254 254 254 254 254 254 254 249 250 218 100   9   4   3   4   1   2   2   5   4   6  36 118 197 221 234 239 245 251 252 253 254 254 254 254 254 254 254 254 254 254 254 254 254 254 254 254 254 254 254 254 254 254 
254 254 254 254 254 254 254 254 254 254 254 254 254 254 254 254 254 254 254 254 254 254 254 252 251 190  54   4   3   2   3   3   1   1   4   2   2   7   7   5  48 156 211 222 238 245 250 253 254 254 254 254 254 254 254 254 254 254 254 254 254 254 254 254 254 254 254 254 254 254 
254 254 254 254 254 254 254 254 254 254 254 254 254 254 254 254 254 254 254 254 254 254 251 250 220  55   2   2   1   1   1   1   1   1   1   3   8  43  56  22   3  20 133 205 219 235 247 251 254 254 254 254 254 254 254 254 254 254 254 254 254 254 254 254 254 254 254 254 254 254 
254 254 254 254 254 254 254 254 254 254 254 254 254 254 254 254 254 254 254 254 254 254 252 245 112   6   2   1   1   1   1   1   1   1   2   2  15  69 113  67  24   5  26 154 199 219 240 248 252 254 254 254 254 254 254 254 254 254 254 254 254 254 254 254 254 254 254 254 254 254 
254 254 254 254 254 254 254 254 254 254 254 254 254 254 254 254 254 254 254 254 254 254 252 209  28   4   1   1   1   2   1   1   1   1   3   1  14  73 100  65  36  12   6  55 176 202 225 241 252 254 254 254 254 254 254 254 254 254 254 254 254 254 254 254 254 254 254 254 254 254 
254 254 254 254 254 254 254 254 254 254 254 254 254 254 254 254 254 254 254 254 254 254 253 134   2   2   3   2   2   2   2   2   2   2   5   2  14  46  38  19  11   4   3   8 125 187 212 232 248 253 254 254 254 254 254 254 254 254 254 254 254 254 254 254 254 254 254 254 254 254 
254 254 254 254 254 254 254 254 254 254 254 254 254 254 254 254 254 254 254 254 254 254 241  66   4   3   1   2   2   1   1   1   1   1   2   0   6   8   3   1   2   1   1   3  51 175 197 226 240 250 254 254 254 254 254 254 254 254 254 254 254 254 254 254 254 254 254 254 254 254 
254 254 254 254 254 254 254 254 254 254 254 254 254 254 254 254 254 254 254 254 254 254 231  36   6   2   3   1   2   3   1   1   1   1   0   0   1   3   3   1   2   3   2   4  16 140 187 214 235 247 253 253 253 254 254 254 254 254 254 254 254 254 254 254 254 254 254 254 254 254 
254 254 254 254 254 254 254 254 254 254 254 254 254 254 254 254 254 254 254 254 254 254 206   9   3   3   7  10   7   1   1   1   1   1   3   1   3  11  20   6   1   2   3   2   2 107 181 204 231 244 253 253 253 254 254 254 254 254 254 254 254 254 254 254 254 254 254 254 254 254 
254 254 254 254 254 254 254 254 254 254 254 254 254 254 254 254 254 254 254 254 254 254 202   4   4   6   4  16  36  11   4   3   2   4   3  16  34  25  32  43   3   1   1   1   2  82 176 199 225 241 251 252 254 254 254 254 254 254 254 254 254 254 254 254 254 254 254 254 254 254 
254 254 254 254 254 254 254 254 254 254 254 254 254 254 254 254 254 254 254 254 254 254 204   8   2  34 110  98  23  27   3   5   1   8  65 126 156 162  77  25  13   1   1   1   1  64 168 192 222 239 250 252 254 254 254 254 254 254 254 254 254 254 254 254 254 254 254 254 254 254 
254 254 254 254 254 254 254 254 254 254 254 254 254 254 254 254 254 254 254 254 254 254 203   3  14 123 195 200 129  15   4   3   2  68 167 200 215 213 174  43   5   1   1   1   2  52 163 190 216 237 249 253 254 254 254 254 254 254 254 254 254 254 254 254 254 254 254 254 254 254 
254 254 254 254 254 254 254 254 254 254 254 254 254 254 254 254 254 254 254 254 254 254 204   6  51 204 199 220 241  81   3   3  12 173 246 210 134 194 236 136   8   2   2   1   2  31 159 186 214 235 248 253 254 254 254 254 254 254 254 254 254 254 254 254 254 254 254 254 254 254 
254 254 254 254 254 254 254 254 254 254 254 254 254 254 254 254 254 254 254 254 254 254 204   5  97 183  37  86 213 150   4  14  24 202 231  42  34  96 189 219  24   2   2   2   2  29 156 184 212 236 247 254 254 254 254 254 254 254 254 254 254 254 254 254 254 254 254 254 254 254 
254 254 254 254 254 254 254 254 254 254 254 254 254 254 254 254 254 254 254 254 254 254 209  11 112 120   8  74 130 163  15  35  39 192 174   1  10  48 119 240  45   2   2   2   2  28 155 184 212 236 247 254 254 254 254 254 254 254 254 254 254 254 254 254 254 254 254 254 254 254 
254 254 254 254 254 254 254 254 254 254 254 254 254 254 254 254 254 254 254 254 254 254 232  40 103 131   7  22  90 121  68  74  62 130 160   5   2   6 110 241  50   1   1   2   2  27 154 182 211 236 247 254 254 254 254 254 254 254 254 254 254 254 254 254 254 254 254 254 254 254 
254 254 254 254 254 254 254 254 254 254 254 254 254 254 254 254 254 254 254 254 254 254 235  40  64 197  27  23 102 156 179 171 149 154 170  31   7  20 184 220  28   2   2   2   2  24 150 181 209 234 248 253 254 254 254 254 254 254 254 254 254 254 254 254 254 254 254 254 254 254 
254 254 254 254 254 254 254 254 254 254 254 254 254 254 254 254 254 254 254 254 254 254 235  40  22 198 161 123 162 179 181 187 180 188 197 179 124 155 226 131   6   2   2   2   2  10 134 178 205 230 248 253 254 254 254 254 254 254 254 254 254 254 254 254 254 254 254 254 254 254 
254 254 254 254 254 254 254 254 254 254 254 254 254 254 254 254 254 254 254 254 254 254 235  42   5  98 136 158 176 177 184 189 204 207 206 199 197 192 174 108  17   2   2   2   2   8 133 175 204 227 246 252 254 254 254 254 254 254 254 254 254 254 254 254 254 254 254 254 254 254 
254 254 254 254 254 254 254 254 254 254 254 254 254 254 254 254 254 254 254 254 254 254 238  56  36 119 145 169 179 183 188 195 205 209 203 201 202 195 179 182  43   3   1   2   2   6 116 176 199 224 244 251 254 254 254 254 254 254 254 254 254 254 254 254 254 254 254 254 254 254 
254 254 254 254 254 254 254 254 254 254 254 254 254 254 254 254 254 254 254 254 254 254 249  90  69 135 154 174 181 182 192 201 204 204 204 203 179 151 147 151  32   3   3   3   2   4  77 171 194 221 242 251 254 254 254 254 254 254 254 254 254 254 254 254 254 254 254 254 254 254 
254 254 254 254 254 254 254 254 254 254 254 254 254 254 254 254 254 254 254 254 254 254 249  90  42 114 163 175 184 187 194 201 202 198 190 155 142 155 159 136  23   3  21  21   5   3  28 154 188 213 236 248 253 254 254 254 254 254 254 254 254 254 254 254 254 254 254 254 254 254 
254 254 254 254 254 254 254 254 254 254 254 254 254 254 254 254 254 254 254 254 254 254 250  86   6  64 111 163 187 195 199 195 173 148 123 148 153 153 150 117  13   3  42 109  58   9   5 115 182 206 230 246 254 254 254 254 254 254 254 254 254 254 254 254 254 254 254 254 254 254 
254 254 254 254 254 254 254 254 254 254 254 254 254 254 254 254 254 254 254 254 254 254 250  92   3 109 136 105 126 146 139 131 133 142 146 147 142 170 191 189  53   4   8 101 126  61   4  45 171 195 219 239 252 254 254 254 254 254 254 254 254 254 254 254 254 254 254 254 254 254 
254 254 254 254 254 254 254 254 254 254 254 254 254 254 254 254 254 254 254 253 252 253 242  71   7 131 189 135 114 154 157 151 146 137 130 152 182 192 208 206 108   7   1  37 107  48   4   7 101 182 205 228 245 253 252 254 254 254 254 254 254 254 254 254 254 254 254 254 254 254 
254 254 254 254 254 254 254 254 254 254 254 254 254 254 254 254 254 254 254 254 252 251 185  17   7 129 193 188 144 111 117 117 113 128 163 185 193 220 245 248 207  27   3   4  11   3   3   2  27 163 195 218 240 250 253 254 254 254 254 254 254 254 254 254 254 254 254 254 254 254 
254 254 254 254 254 254 254 254 254 254 254 254 254 254 254 254 254 254 254 251 251 238  68   4  24 189 216 187 192 179 162 157 172 184 189 197 223 248 252 252 251 128   4   4   4   1   4   3   3  93 181 205 227 243 251 254 254 254 254 254 254 254 254 254 254 254 254 254 254 254 
254 254 254 254 254 254 254 254 254 254 254 254 254 254 254 253 253 254 252 251 252 139  14   6 122 246 239 200 188 191 192 191 188 193 210 232 247 253 252 252 250 230  35   5   3   2   3   1   5  21 145 190 214 235 247 251 254 254 254 254 254 254 254 254 254 254 254 254 254 254 
254 254 254 254 254 254 254 254 254 254 254 254 254 254 254 249 253 253 253 251 186  19  13  47 225 252 253 227 191 188 191 191 200 226 242 252 254 254 254 254 254 253 137   1   1   1   1   1   1   4  61 179 199 227 238 249 254 254 254 254 254 254 254 254 254 254 254 254 254 254 
254 254 254 254 254 254 254 254 254 254 254 254 254 254 254 254 254 252 252 223  44   3  10 161 253 252 254 248 227 208 205 218 237 252 251 251 252 254 254 254 254 251 223  24   3   1   1   1   1   4  10 116 187 209 230 243 251 254 254 254 254 254 254 254 254 254 254 254 254 254 
254 254 254 254 254 254 254 254 254 254 254 254 254 254 254 253 252 254 238  66   5   4  68 245 253 252 253 254 254 245 248 253 252 251 254 254 255 254 254 254 254 254 246  77   1   1   1   1   1   3   2  19 127 195 212 235 244 251 254 253 254 254 254 254 254 254 254 254 254 254 
254 254 254 254 254 254 254 254 254 254 254 254 254 254 254 254 252 247 106   7   2  10 168 250 252 253 253 254 251 251 253 253 253 253 253 253 253 253 253 253 253 254 251 137   2   2   3   4   1   1   1   2  33 155 197 217 238 245 251 252 254 254 254 254 254 254 254 254 254 254 
254 254 254 254 254 254 254 254 254 254 254 254 254 254 254 251 246 142  11   7   2  35 204 247 253 253 254 255 251 252 249 253 255 254 254 251 253 254 254 253 250 242 238 184   7   2   2   1   2   1   1   1   4  40 157 197 224 240 247 253 254 254 254 254 254 254 254 254 254 254 
254 254 254 254 254 254 254 254 254 254 254 254 254 254 254 250 182  20   3   3   2  55 185 227 245 252 252 250 239 233 230 238 249 250 250 251 243 237 232 230 222 211 214 207  33   2   2   0   2   1   1   1   2   5  52 172 202 227 239 250 252 254 254 254 254 254 254 254 254 254 
254 254 254 254 254 254 254 254 254 254 254 254 254 254 253 239  64   6   4   4   7  88 167 198 225 243 250 251 246 228 238 245 251 253 252 251 237 220 204 200 195 192 192 208 152  15   4  22   7   1   1   1   4   5   5  90 188 209 230 244 251 253 254 254 254 254 254 254 254 254 
254 254 254 254 254 254 254 254 254 254 254 251 251 254 250 168   7   4   2   2  10 122 206 235 250 251 253 254 248 239 252 253 253 253 253 253 252 250 247 238 224 209 195 194 221 120   7  23  41  23   4   3   2   2   1  21 167 194 221 238 249 254 254 254 254 254 254 254 254 254 
254 254 254 254 254 254 254 254 254 254 254 253 251 254 249  97   5  10  24   4  48 210 242 252 253 253 253 254 251 248 253 253 253 253 253 253 253 253 254 254 254 249 230 209 198 219  47   2   7  32  34   3   2   2   2   1 108 181 206 231 244 252 253 254 254 254 254 254 254 254 
254 254 254 254 254 254 254 254 254 254 254 251 253 251 242  41   5  40  13   5 169 250 251 252 253 252 252 252 253 253 253 253 253 253 253 253 253 253 252 250 250 250 253 243 214 211 155   7   3  11  34  21   3   1   3   2  35 169 194 218 238 250 252 254 254 254 254 254 254 254 
254 254 254 254 254 254 254 254 254 254 254 252 251 252 194   7  16  32   4  64 243 253 252 252 253 253 252 251 251 252 253 253 253 253 253 253 253 251 252 253 253 251 252 250 246 217 220  45   8  39  26  38   9   2   2   2  10 132 182 210 232 248 252 253 254 254 254 254 254 254 
254 254 254 254 254 254 254 254 254 254 254 253 252 252 118   6  44  12   9 178 249 253 252 253 253 253 250 253 251 252 253 253 253 253 253 253 253 253 253 253 253 253 253 253 253 250 250 115  15  60  46  25  30   3   4   2   4  72 176 199 223 243 250 253 254 254 254 254 254 254 
254 254 254 254 254 254 254 254 254 254 254 252 250 245  42  16  34   4  74 242 251 253 251 253 253 253 252 251 245 252 253 253 253 253 253 253 253 253 253 253 253 253 253 253 253 250 251 181  18  32  19   6  44   9   3   3   3  27 160 191 215 238 248 253 254 254 254 254 254 254 
254 254 254 254 254 254 254 254 254 254 254 252 253 185   5  38  15  10 165 251 249 254 253 253 253 253 253 249 238 252 253 253 253 253 253 253 253 253 253 253 253 253 253 253 252 253 254 227  18   4   1   3  27  18   2   3   1   8 121 183 207 234 248 254 254 254 254 254 254 254 
254 254 254 254 254 254 254 254 254 254 253 253 249  88   8  43   4  52 233 250 252 253 252 253 253 253 253 245 236 252 253 253 253 253 253 253 253 253 253 253 253 253 253 253 253 251 252 248  44   3   1   3  19  30   1   3   2   3  77 175 197 226 243 251 254 254 254 254 254 254 
254 254 254 254 254 254 254 254 254 253 253 252 197  15  17  29   0 121 252 253 252 253 253 253 253 253 253 241 238 253 253 253 253 253 253 253 253 253 253 253 253 253 253 253 252 250 251 253  71   2   2   2  19  29   1   0   1   4  49 167 190 219 239 249 253 254 254 254 254 254 
254 254 254 254 254 254 254 254 254 253 253 242  86   9  33   5  11 192 250 253 252 253 253 253 253 253 253 238 238 253 253 253 253 253 253 253 253 253 253 253 253 253 253 253 252 252 252 252  96   2   2   2  19  19   2   2   1   2  25 153 185 214 236 249 253 254 254 254 254 254 
254 254 254 254 254 254 254 254 254 253 253 168  11   2  39   3  33 226 252 253 252 253 253 253 253 253 252 234 237 253 253 253 253 253 253 253 253 253 253 253 253 253 253 253 253 252 253 253 112   2   2   2  24  15   4   2   1   3  15 139 180 208 232 248 253 254 254 254 254 254 
254 254 254 254 254 254 254 254 251 253 226  51   3   1  48   1  60 244 251 253 252 253 253 253 253 253 252 231 238 254 253 253 253 253 253 253 253 253 253 253 253 253 253 253 252 251 252 253 122   3   3   1  31  11   3   1   1   2   5 121 177 203 229 246 253 253 253 254 254 254 
254 254 254 254 254 254 254 251 254 253 155   5   3   6  57   8  78 249 251 253 252 253 253 253 253 253 253 231 239 253 253 253 253 253 253 253 253 253 253 253 253 253 253 253 253 254 253 251 129   1   4   2  31   4   1   1   1   2   5 122 176 202 228 245 253 253 253 254 254 254 
254 254 254 254 254 254 254 253 253 251 109   6   3  18  84  21  98 252 253 253 252 253 253 253 253 253 253 230 242 252 253 253 253 253 253 253 253 253 253 253 253 253 253 253 252 252 253 253 131   1   1  11  25   0   1   1   1   2   5 122 176 202 228 245 253 253 253 254 254 254 
254 254 254 254 254 254 254 253 251 249  71   2   4   4  38  30 108 252 253 253 253 253 253 253 253 253 253 230 244 250 253 253 253 253 253 253 253 253 253 253 253 253 253 253 253 252 253 250 115   3   3  22  14   1   3   1   1   2   5 122 176 201 228 245 253 253 253 254 254 254 
253 253 253 254 254 254 254 253 252 248  82   5  14  14   8  31 110 250 252 250 251 254 250 253 253 253 253 231 245 253 253 253 253 253 253 253 253 253 252 252 252 253 253 253 252 251 251 250  86   9  32  28  13  26  24  23  11   4  19 145 179 205 230 247 252 254 253 254 254 254 
253 253 253 253 254 254 254 252 252 249 171  92 161 166  87  15  88 233 250 252 251 251 253 253 253 253 253 231 245 253 253 253 253 253 253 253 253 253 252 252 252 253 252 253 251 246 247 240  46  19   9   3   2   3   8  19  75  27  36 157 181 207 232 248 251 253 252 254 254 254 
252 253 253 253 252 253 253 252 253 247 191 166 181 188 183 100  20 102 229 251 252 252 253 253 253 253 253 231 245 253 253 253 253 253 253 253 253 253 252 252 252 253 248 253 243 201 201 193  85   9   5   4   2   2   3   5  53  33  69 163 182 208 233 248 251 253 252 254 254 254 
252 253 253 252 251 251 251 248 249 219 153 175 185 187 187 182  98  11  85 221 250 252 251 253 253 252 253 229 243 253 253 253 253 253 253 253 253 253 252 252 252 253 253 252 222 175 196 201 129   4   3   4   1   1   2  15  28  51 170 169 180 206 230 246 251 253 252 254 254 254 
252 253 253 251 245 239 235 231 215 165 159 178 186 189 187 187 175  63   7  58 196 252 250 250 251 252 251 235 241 253 253 253 253 253 253 253 253 253 252 252 252 252 251 251 220 172 188 187  98   5   4   3   3   5   3   7  15 134 192 180 174 202 223 241 251 253 253 254 254 254 
253 251 251 211 170 159 152 145 147 158 172 182 187 188 186 185 186 156  33   6  28 166 250 252 253 253 252 252 249 251 253 253 253 253 253 253 253 253 252 252 252 250 252 245 213 169 184 176 105   8   4   3   2   4   5   6  82 184 183 175 165 191 215 239 249 253 253 254 254 254 
252 253 231 152 163 172 170 170 173 179 183 188 187 187 188 186 186 189 120  11   3  12 127 237 250 253 252 254 253 251 253 253 253 253 253 253 253 253 252 252 252 252 241 202 183 169 180 168 135  52   9   5   5   5  16  77 158 177 179 173 160 181 209 233 247 253 253 254 254 254 
253 250 213 153 173 183 181 184 186 188 187 187 187 187 187 188 183 187 182  60   6   3   8  79 218 250 252 251 252 253 253 253 253 253 253 253 253 252 252 252 252 250 232 195 188 161 174 165 147 131  93  74  74  90 119 150 171 179 185 177 160 176 202 230 245 252 252 254 254 254 
252 251 204 150 175 185 186 187 187 187 187 187 187 187 187 188 184 186 190 144  18   3   5   7  54 208 251 252 253 253 253 253 253 253 253 253 253 252 252 252 252 253 226 195 180 156 173 168 155 144 139 136 137 145 154 174 181 184 185 184 171 172 194 218 237 247 251 253 254 254 
252 250 224 154 172 183 187 188 187 187 187 187 187 187 187 187 186 186 189 188  86   4   4   3   6  83 240 252 253 252 253 253 253 253 253 253 253 252 253 252 252 252 234 194 176 148 170 174 170 162 156 152 154 160 168 181 187 187 186 185 180 166 176 207 226 241 249 251 254 254 
253 253 227 153 169 182 187 189 187 187 187 187 187 187 187 186 187 187 187 187 170  35   3   6   3  22 223 252 254 251 253 253 253 253 253 253 253 253 253 252 252 251 243 204 157 142 168 180 179 172 168 167 168 171 179 186 187 185 186 188 183 179 169 189 207 226 237 246 251 252 
251 250 238 160 166 181 186 188 187 187 187 187 187 187 187 187 187 187 187 183 187 124  12   4   5  33 229 252 253 252 253 253 253 253 253 253 253 253 252 253 253 251 242 171  77 144 168 183 183 182 179 177 177 179 182 185 187 187 187 187 185 185 179 177 186 203 223 237 247 252 
250 250 239 158 164 182 188 188 187 187 187 187 187 187 187 187 187 187 186 182 186 184  74  13  67 185 252 252 252 252 253 253 253 253 253 253 253 253 251 252 252 251 187  35  61 144 168 183 185 186 186 187 187 187 187 186 187 187 187 187 186 184 185 188 178 181 201 220 238 249 
251 252 238 157 163 183 188 188 187 187 187 187 187 187 187 187 187 187 186 185 183 189 162 172 249 250 252 252 252 253 253 253 253 253 253 253 253 253 249 250 249 160  20   6  69 142 169 183 185 184 186 187 187 186 184 183 187 187 187 187 187 185 186 186 182 169 182 207 230 246 
252 251 223 146 166 185 186 186 187 187 187 187 187 187 187 188 187 187 186 184 185 185 184 141 219 250 252 252 252 252 253 253 253 252 253 253 252 251 251 231 116  10   4   8  75 141 169 182 188 187 187 187 187 187 186 186 187 187 187 187 187 187 184 179 169 161 179 203 226 245 
251 249 188 146 170 185 186 185 185 186 187 188 188 188 188 187 187 187 186 186 186 184 183 157 131 224 251 250 251 251 251 251 252 253 253 252 253 237 158  50   5   3   3  11  80 139 170 181 186 187 187 187 187 187 188 188 187 187 187 189 185 183 175 160 154 165 186 208 232 246 
251 242 153 158 177 184 186 187 186 187 188 187 187 187 187 187 187 187 186 186 186 184 175 162 106  82 181 236 249 251 254 253 253 252 242 208 146  65  10   5   2   2   3  16  85 140 169 182 186 187 187 187 188 187 186 186 183 186 186 183 176 164 154 155 173 186 203 222 239 248 
254 227 143 161 174 181 183 184 184 185 186 186 186 186 186 187 187 187 186 186 186 184 177 157 119  51  14  44  85 115 128 117 100  81  48  19   4   6   5   4   2   2   4  23  91 140 167 183 186 187 187 187 188 187 185 183 182 184 175 160 149 151 165 179 193 206 224 239 247 252 
251 223 134 148 160 167 169 174 178 179 180 184 184 184 186 185 187 186 186 186 186 183 171 156 120  69  12   3   3   3   2   1   3   3   2   2   3   3   2   3   5   3   4  28  95 138 164 181 186 187 187 186 188 186 181 177 169 160 139 142 163 181 192 204 218 230 237 248 252 253 
248 245 178 134 128 134 142 146 152 156 161 166 174 176 180 183 187 184 186 186 187 182 166 140 111  74  20   1   1   3   2   2   2   1   1   1   1   1   2   4   2   3   2  29  86 126 154 171 180 183 185 183 182 175 167 153 144 134 157 175 186 202 216 226 234 244 248 251 253 253 
252 250 245 227 198 159 134 118 118 124 127 133 138 144 158 166 175 179 184 182 179 166 148 119  95  67  16   3   4   6  12  12  12  12  12  12  12  12  13  14   7   4   5  26  80 114 140 159 170 175 178 175 167 159 145 126 139 167 179 196 212 226 237 245 247 250 250 253 254 254 
250 252 249 245 238 230 219 196 171 143 116 103 100 110 118 129 140 147 156 161 156 141 120  96  79  45  31  96 114 126 161 163 166 168 168 168 168 169 170 161 134 126  96  71  68 103 124 141 152 156 157 150 141 127 115 136 169 183 203 221 232 241 247 252 252 252 253 254 254 254 
252 252 253 250 245 241 238 233 229 223 210 191 158 130 103  94 103 113 119 119 117 106  93  78  66  87 134 179 190 201 209 212 216 218 219 219 219 220 220 220 220 218 217 184  65  86 109 123 130 130 132 123 115 103 143 174 187 205 221 236 245 249 252 254 254 254 253 254 254 254 
254 254 254 254 253 251 250 248 246 241 237 235 227 221 204 174 124  89  78  81  82  78  69  62 117 173 181 198 213 223 231 234 237 240 241 241 241 240 240 240 240 237 239 234 155  67  76  95 107 106 106  90  92 147 175 192 209 226 238 247 250 252 254 254 254 254 254 254 254 254 
254 254 254 254 253 253 252 252 252 250 249 245 243 242 236 232 222 199 155 111  71  76 109 151 180 192 204 221 233 242 246 248 250 250 250 250 250 250 250 250 250 251 249 247 241 199 128  80  80  80  97 131 167 186 195 211 227 240 247 252 253 254 254 254 254 254 254 254 254 254 
254 254 254 254 253 253 253 253 253 253 253 253 252 249 250 246 244 237 230 224 210 201 205 202 207 218 226 239 246 251 252 253 254 254 253 253 253 253 253 253 253 254 250 253 250 243 233 219 207 197 202 199 202 211 221 232 238 248 251 253 253 253 253 253 254 254 254 254 254 254 
