  136   77 -144   98   45  -27  106  191  204  254
 -172   82  -95  179 -128  -84 -233   88  -47    1
  226   58 -151 -188 -169  -25  -43  204  167  200
  -29 -150 -217  245   73  215   49   88   21   86
 -184   -1 -117  144  161 -122   79   61  155 -105
   71  -92  -21   -4  212 -220 -170  165   -8 -183
 -175  132  159   75 -185   72 -201 -175 -150 -133
  165  149   38  197 -190 -112  194   55  162    0
   40  111  164 -165  250   55 -214 -237   80  111
 -147  111  229   22  -17   -2  154 -192 -166 -175
